1: 1 3 5
2: 2 4
3: 2 3 5
4: 1 2 4
5: 1 3
6: 2 3
7: 1 3 6
8: 1 2 3 5
9: 1 2 3
10: 2 4
11: 1 3 5 6
12: 2 4 5
13: 1 3 4
14: 1 2 5 6
15: 1 3 4
16: 2 3 4
17: 1 2 3 4
18: 1 2
19: 2 3 6
20: 1 2 3 5
21: 1 3
22: 2 3 5
23: 1 2 4
24: 1 3 5
25: 2 4
26: 1 2 4
27: 2 3 5
28: 1 2 3
29: 1 4 6
30: 2 4 5
31: 1 3
32: 1 2 3 4
33: 2 3 4
34: 1 2 5
35: 1 3 4 5
36: 2 4 6
37: 1 2 3
38: 1 3 4
39: 2 3 6
40: 1 2 4 5
41: 1 3
42: 2 4 5
43: 1 3 4
44: 1 2 3 6
45: 2 3 4
46: 1 2 5
47: 1 3 4 5
48: 2 4
49: 1 2 3 5
50: 1 3
51: 2 3 5
52: 1 2 4
53: 1 3 5
54: 2 4
55: 1 2 4
56: 2 3 5
57: 1 2 3
58: 1 4 6
59: 2 4 5
60: 1 3
61: 1 2 3 4
62: 2 3 4
63: 1 2 5
64: 1 3 4 5
65: 2 4 6
66: 1 2 3
67: 1 3 4
68: 2 3 6
69: 1 2 4 5
70: 1 3
71: 2 4 5
72: 1 3 4
73: 1 2 3 6
74: 2 3 4
75: 1 2 5
76: 1 3 4 5
77: 2 4
78: 1 2 3 5
79: 1 3
80: 2 3 5
81: 1 2 4
82: 1 3 5
83: 2 4
84: 1 2 4
85: 2 3 5
86: 1 2 3
87: 1 4 6
88: 2 4 5
89: 1 3
90: 1 2 3 4
91: 2 3 4
92: 1 2 5
93: 1 3 4 5
94: 2 4 6
95: 1 2 3
96: 1 3 4
97: 2 3 6
98: 1 2 4 5
99: 1 3
100: 2 4
101: 1 2 4
102: 2 3 5
103: 1 2 3
104: 1 4 6
105: 2 4 5
106: 1 3
107: 1 2 3 4
108: 2 3 4
109: 1 2 5
110: 1 3 4 5
111: 2 4 6
112: 1 2 3
113: 1 3 4
114: 2 3 6
115: 1 2 4 5
116: 1 3
117: 2 4 5
118: 1 3 4
119: 1 2 3 6
120: 2 3 4
121: 1 2 5
122: 1 3 4 5
123: 2 4
124: 1 2 3 5
125: 1 3
126: 2 3 5
127: 1 2 4
128: 1 3 5
129: 2 4
130: 1 2 4
131: 2 3 5
132: 1 2 3
133: 1 4 6
134: 2 4 5
135: 1 3
136: 1 2 3 4
137: 2 3 4
138: 1 2 5
139: 1 3 4 5
140: 2 4 6
141: 1 2 3
142: 1 3 4
143: 2 3 6
144: 1 2 4 5
145: 1 3
146: 2 4 5
147: 1 3 4
148: 1 2 3 6
149: 2 3 4
150: 1 2 5
151: 1 3 4 5
152: 2 4
153: 1 2 3 5
154: 1 3
155: 2 3 5
156: 1 2 4
157: 1 3 5
158: 2 4
159: 1 2 4
160: 2 3 5
161: 1 2 3
162: 1 4 6
163: 2 4 5
164: 1 3
165: 1 2 3 4
166: 2 3 4
167: 1 2 5
168: 1 3 4 5
169: 2 4 6
170: 1 2 3
171: 1 3 4
172: 2 3 6
173: 1 2 4 5
174: 1 3
175: 2 4 5
176: 1 3 4
177: 1 2 3 6
178: 2 3 4
179: 1 2 5
180: 1 3 4 5
181: 2 4
182: 1 2 3 5
183: 1 3
184: 2 3 5
185: 1 2 4
186: 1 3 5
187: 2 4
188: 1 2 4
189: 2 3 5
190: 1 2 3
191: 1 4 6
192: 2 4 5
193: 1 3
194: 1 2 3 4
195: 2 3 4
196: 1 2 5
197: 1 3 4 5
198: 2 4 6
199: 1 2 3
200: 1 3 4 5 6